247 122
196 158
254 83
241 110
150 99
138 121
240 42
198 104
247 253
136 210
153 76
245 222
58 172
151 239
82 151
42 27
50 95
254 101
60 136
65 95
46 248
34 16
111 83
75 240
27 227
136 105
38 18
212 143
101 5
141 221
102 67
214 250
220 151
8 115
70 192
205 87
38 248
153 188
44 190
255 123
62 120
228 50
189 67
7 159
241 112
188 19
17 105
123 220
13 166
3 33
71 157
216 29
101 52
207 144
129 165
29 160
35 135
76 59
105 239
102 236
47 97
253 95
28 123
245 208
51 196
107 212
194 173
17 188
10 66
229 128
236 235
63 189
169 77
243 87
26 202
122 248
246 207
253 240
118 119
132 101
205 132
14 126
197 24
87 118
201 230
219 16
216 132
80 183
160 92
64 75
235 202
87 24
226 98
68 146
254 15
226 114
169 202
242 213
124 9
232 81
62 133
0 174
109 69
143 18
243 176
24 239
186 169
109 232
6 54
249 148
65 134
207 26
128 219
158 167
159 15
251 237
63 240
122 149
65 42
251 118
210 192
61 107
96 107
132 1
83 242
184 194
131 13
60 136
24 66
204 98
32 215
65 36
219 90
128 227
180 0
40 179
168 97
151 45
120 94
68 42
